{"index.js":"function largestOfFour(arr) {\n  // You can do this!\n  let maxs = [];\n  for (let i=0; i<arr.length; i++){\n    maxs.push(Math.max(...arr[i]));\n    // sums.push(arr[i].reduce((a, b) => a+b, 0));\n  }\n  \n  // console.log(sums);\n  return maxs;\n}\n\nlargestOfFour([[4, 5, 1, 3], [13, 27, 18, 26], [32, 35, 37, 39], [1000, 1001, 857, 1]]);\nlargestOfFour([[13, 27, 18, 26], [4, 5, 1, 3], [32, 35, 37, 39], [1000, 1001, 857, 1]]);"}